{
  "advancedEditorSelectedIdentifier" : "ProjectBrowser",
  "openSceneRelativePaths" : [
    "Immersive.usda"
  ],
  "recentIdentifiers" : {

  },
  "sceneCameraHistory" : {
    "AF09ED6F-1707-48FD-8720-65B998362C09" : [
      {
        "date" : 722227697.908527,
        "title" : "Untitled",
        "transform" : [
          0.9999997,
          0.00014706861,
          -0.00080320606,
          0,
          -0.00045747153,
          0.91568667,
          -0.4018927,
          0,
          0.00067637925,
          0.40189293,
          0.9156864,
          0,
          0.014837863,
          2.0031857,
          -0.29738528,
          1
        ]
      },
      {
        "date" : 722227675.639619,
        "title" : "Untitled",
        "transform" : [
          0.9999997,
          0.00014706861,
          -0.00080320606,
          0,
          -0.00045747153,
          0.91568667,
          -0.4018927,
          0,
          0.00067637925,
          0.40189293,
          0.9156864,
          0,
          0.014465755,
          1.7820877,
          -0.8011432,
          1
        ]
      },
      {
        "date" : 722227614.783422,
        "title" : "Untitled",
        "transform" : [
          0.9999997,
          0.00014706861,
          -0.00080320606,
          0,
          -0.00045747153,
          0.91568667,
          -0.4018927,
          0,
          0.00067637925,
          0.40189293,
          0.9156864,
          0,
          0.015332276,
          2.2969556,
          0.37194905,
          1
        ]
      },
      {
        "date" : 722227531.667437,
        "title" : "Untitled",
        "transform" : [
          0.99999994,
          0,
          -0,
          0,
          -0,
          0.86602455,
          -0.50000155,
          0,
          0,
          0.50000155,
          0.86602455,
          0,
          0,
          3.6984975,
          4.2886467,
          1
        ]
      }
    ]
  }
}